[#.#.] (0,2) (0,1,3) {28,20,8,20}
[#.####.##.] (2,9) (0,1,3,4,5,6,8,9) (7,9) (0,4,9) (4,5,6) (1,2,4,7,8,9) (2,7,9) (1,2,3,4,5) (0,1,3,4,5,7,9) (0,7) (1,3,4,5,7) (1,3) {27,64,209,46,62,34,10,220,27,233}
[..#...#.] (0,1,4,5,6,7) (0,2,3) (0,1,2,3,5,6,7) (0,1,2,3,6) (1,4) (0,1,2,5,6,7) {215,215,28,19,198,204,204,204}
[......#.] (0,3) (0,1,2,4,5,6) (0,3,4,6) (1,2,4) (0,1,3,4,6) (0,1,2) (1,2,3,5) (2,5,7) (0,2) (0,1,5) {100,82,74,65,58,68,52,13}
[#.##...] (3,6) (2,4,5) (3) (1,2,3) (0,1,2,3) (1,4,5) (0,2,6) {20,30,39,30,20,20,16}
[#....] (0,2,3) (1) (0,4) (2,3,4) (3) (2,4) (0,1,3) {174,168,26,196,33}
[.###] (1,2,3) (0,2) {9,16,25,16}
[.#..#.] (0,2,3) (1,2,4,5) (1) (0,1,2) (1,4) (3,5) (0,3,5) {28,51,40,36,30,44}
[#...#] (0,2,4) (2) (1,2) (1,2,3) (0,2,3,4) (0,2) (2,3) {203,15,240,25,10}
[#...] (0,2,3) (1,3) (2,3) {18,11,33,44}
[.#....####] (0,1,3,4,6,7,8,9) (0,1,2,6,7,8) (0,2,3,5,6,8,9) (4,9) (0,2,3,4,5,9) (1,2,3,4,5,6,7,9) (1,2,3,4,5,7,8,9) (0,1,3,5,6,8,9) (5,6) {46,36,47,60,55,55,50,33,33,68}
[..##] (1,2) (1,3) (0,2) (0,3) {14,17,27,4}
[.###..] (4) (0,1,2,5) (0,1,3) (1,4,5) (0,2) (3,4) {41,34,32,23,45,25}
[#..####] (0,1,3,4,5,6) (4,5) (0,1,2,4,5) (2,5) (2,4) (0,3,6) {25,14,26,13,21,27,13}
[.######] (1,2,3) (2,5) (0,3) (0,2,3,4) (1,2,4,6) (0,1,3,5,6) (1,2,3,4) (1,5) {18,39,38,28,16,42,9}
[...#####.] (2,4,8) (0,1,2,3,4,5,8) (0,1,2,3,5,7) (0,8) (0,4) (0,3,4,5,6,7,8) (1,3,4,7,8) (0,4,5,6,7,8) (2) (1,3,4,6,7) (2,3) {35,39,43,45,27,29,8,44,30}
[..##.#.##.] (1,3,6,8) (6,8) (0,2,3,4,5,8,9) (0,1,4,5,8,9) (4,6,8) (0,2,3,5,6) (0,1,2,4,5,7,8,9) (3,4,5,6) (0,1,2,4,6,7,8,9) (0,1,2,3,4,5,7) {54,39,35,35,79,69,49,19,72,46}
[##.#....#] (1,5) (3,5,6,7,8) (1,2,3,5,6,7,8) (1,7,8) (0,1,3,6,8) (6) (0,2,5,7,8) (0,1,2,3,4,6,7) (0,4,5) (0,1,2,3,6,8) {44,65,26,46,27,74,54,60,64}
[.#.##.##.#] (1,4,6,7) (0,1,3,5,7,9) (3,9) (0,1,2,3,5,8) (2,3,4,6,8,9) (1,3,4,5,6,7,9) (0,1,2,5,6,7) (1,7) (2,3,4,9) (0) (1,2,4,7) (0,2,4,6,7,8) (1,2,3,5,8) {159,212,79,188,77,173,55,192,53,157}
[#.##..] (3,4) (0,2,3) (0,3,5) (2,3,4) (2,5) (0,1) {10,0,37,39,29,10}
[.#..#.] (1,2,3,4) (2,3,5) (0,3,4,5) (0,1,3,5) {26,22,11,37,26,26}
[#####.###.] (4,7,8) (0,1,2,3,5,6,8,9) (0,4,5,7,8,9) (2,3,5) (0,2,3,4,5,6,7,8) (5,6) (0,1,2,3,4,5,9) (0,1,2,5,6,9) (0,3,4,5,6,7,8,9) (3,4,5,6,8) (0,1,2,3,4,5,6,7,9) (0,8) (3,4,8,9) {261,225,243,252,56,278,262,29,257,242}
[..#.] (0,1,3) (2) (1) {5,13,18,5}
[#.##..] (1,4) (2,4) (0,5) (2,3) (2,3,5) {0,120,27,7,140,5}
[.##.#.] (1,2) (0,1,3,5) (0,1,3) (0,1,2) (4,5) {13,13,5,8,11,11}
[#.######] (0,1,2,3,4) (0,4,6,7) (2,4,5) (0,5,7) (0,1,3,4,7) (0,1,3,4,5,6) (1,5) (1,6,7) (3,6) {53,42,19,33,52,45,37,24}
[..#.#.#] (0,1,5) (2,4) (1,2,3,5) (0,1,2,4,5,6) (3,4) (0,2,3,4,5,6) {31,38,35,14,32,39,16}
[######.#.#] (1,5,7,8,9) (0,1,2,3,5,7,8,9) (2) (2,4,5) (0,1,2,3,4,5,7,9) (2,6) (1,6,8) (0,8) (0,3,5,6,7) (3,5,6) (1,2,4,5,7) (0,1,5,7) {63,48,83,48,45,90,31,65,41,35}
[##..#...] (0,5,6,7) (0,3,4) (1,4,7) (0,4,5,6) (2,4,6) (0,2,3,5,7) (0,2,3,4,5,7) {64,0,20,35,49,44,34,30}
[..#..#.#] (3,4,6) (0,3,5,7) (1,2) (0,3,4,7) (1,3,4) (4,6) (2,5,7) (0,1,2,7) (2,4,6) (1,2,3,4,6,7) {27,38,48,50,49,18,25,49}
[.#.#] (1) (0,1,3) (1,3) (0,3) (0,1,2) {8,198,8,8}
[.#..#.] (3,4,5) (0,2,4) (3,5) (1,3,4,5) (1,2,3,5) (0,5) {19,22,24,60,47,64}
[..##.#..##] (2,4,5,8) (0,3,4,5,6,9) (1,4,5,6,7,8,9) (5,9) (3,4,5,7) (1,2,3,4,5,6,7,9) (0,1,2,3,6,8,9) (1,2,3,6,7,8,9) (0,1,2,7,8,9) {19,50,40,52,45,48,50,50,41,55}
[..#######.] (1,2,3,6,7) (0,3,4,6,8) (0,1,2,5,7,9) (0,1,2,4,5,8) (0,1,3,4,5,6,7) (6,7) (0,1,3,4,5,7,8,9) (1,4,6) (2,5,6,8) (0,3,5,7,8) (1,2,5,6,8,9) (1,7,8,9) (0,3,4,5,6,7,8) {73,72,42,73,75,74,100,76,75,20}
[####....] (0,1,3,5,6,7) (0,1,2,3) (2,3,5) (0,4,7) (4,7) (0,1,3,4,6) (3,4,5) {34,24,15,39,35,15,13,11}
[#.##.#.] (1,5) (1,3) (0,3,4,6) (0,4,5) (4,5,6) (1) (2,3,5) (0,1,2,3,4) {34,31,20,36,51,30,25}
[#...##..#.] (0,2,4,6,7) (0,4,5,8,9) (4,5,9) (0,1,3,5,7,8,9) (0,2,3,5,6,9) (1,2,3,4,5,8,9) (2,4,5,7,8) (0,1,2,3,5,8) (0,2,4,5,6,8,9) (0,1,3,5,7,8) (0,2,3,9) (1) (0,1,2,4,5,6,8,9) {96,49,105,64,81,99,52,38,79,92}
[..#..###.] (0,2,3,4,6) (0,2,8) (0,1,2,5,6,7) (0,2,5,6,8) (0,1,2,5,7) (0,2,5) (0,5,7,8) (5,8) (0,2,3,4,5,6,8) {51,15,47,13,13,51,25,19,29}
[##.#] (0,3) (1,3) (2,3) (3) {2,108,16,133}
[#..#] (1,2) (3) (2,3) (0,3) (2) (1,2,3) {13,10,44,38}
[#....] (2,4) (0,2,3,4) (3) (0,1,4) {20,6,24,15,30}
[...##...] (0,2,5,6,7) (1,6,7) (0,1,3,6,7) (2,4,5,6,7) (0,1,2,5,7) (4) (0,2,5,6) {186,168,54,152,31,54,210,201}
[###.####.] (4,5,6) (2,3,5) (3) (2,3,4) (1,2,5) (0,2,4,5,8) (1,3,4,6,7,8) (0,3,4,6,7) (0,1,2,5,6,7) {27,26,33,34,43,32,32,29,30}
[####...#.] (0,1,2,3,4,6,7) (0,1,3,5,7,8) (0,1,8) (0,1,2,3,5,7,8) (0,1,2,3,7) (3,4,5,7,8) (0,1,2,3,6,7,8) (1,2,4,5,6,7,8) {61,72,46,55,36,46,31,66,75}
[.##.#..] (0,1) (0,3,4,6) (0,1,3,4,5) (0,1,2,3,4) (0,2,4,5) (4) (0,3,4,5) (1,3,4,5,6) (0,1,2,4,5) {91,51,51,54,92,59,23}
[#..#.##.#] (2,3,5,8) (0,1,2,5,6,7) (0,2) (1,2,4,5,6,7,8) (3,5,7) (0,7,8) (0,2,3,4,6,7) (0,1,3,6) (1,4,8) (0,3,4,8) (0,1,3,4,6,8) {69,48,39,66,47,35,56,50,62}
[.#.#.....#] (0,2,3,5,6,8,9) (0,1,2,7,8) (0,2,3,5,6,7,8,9) (4,6,7) (1,2,4,5,6,7,8,9) (1,3,9) (0,1,3,4,7) (4,9) {38,45,36,41,50,32,43,64,36,44}
[.###.#...] (0,2,3,4,5,6) (0,6,8) (4,8) (1,2,3,4,6,7,8) (0,5) (0,1,2,3,4,5,6) (1,3,4,7) (0,1,2,3,4,5,6,8) (0,1,2,3) {49,48,56,65,64,34,47,27,35}
[#...#] (0,1,4) (1,2,3) (0,1,2,3) (1,3,4) (1,2,4) {26,57,17,37,40}
[#.#.##] (1,3,5) (1,2,3,4) (0,2,4) (0,2,4,5) {153,9,155,9,155,159}
[#.##.#] (0,2,3,4) (0,2,4) (1,3) (4,5) (0,1,2,5) (0,2,3,5) {143,13,143,123,137,40}
[.##.#..#] (0,2,3,7) (1,2,4,5) (0,3,4) (5,7) (1,2,4,6,7) (4,6,7) (2,4,6) (0,1,2,3,4,6,7) (1,2,3,4,7) {28,52,62,46,72,24,34,70}
[...#..##.] (3,6) (0,8) (0,1,2,3) (5,6,7) (0,3,5,6,7) (0,1,2,3,5,6,7) (3,4,5,6) (0,1,2,3,7,8) (0,1,2,3,4,5,6) {69,48,48,75,4,34,54,43,31}
[.##.#.#..#] (3,5,7) (0,2,3) (2,8) (1,2,3,4,5,6,8,9) (0,2,3,4,5,6,8,9) (0,1,3,4,6,9) (1,3) (2,3,5,6,8,9) (0,1,5,6,8) (0,1,2,3,5,6,7,8,9) (4,8) {37,54,57,84,54,40,56,7,68,56}
[..#...#.#.] (0,2,3,4,5,6,7,8) (0,1,2,4,5) (0,1,2,3,6,7,8) (6,7,8,9) (0,2,3,6,9) (0,1,2,3,4,6,7,8,9) (0,1,4,9) (7) (0,1,2,3,5,6,7,8) (2,4,7) (0,1,2,3,4,5,6,7,9) (0,3,4,6,7,9) {56,34,70,42,60,46,59,79,31,45}
[.#.#] (1,3) (1,2) (0,1,3) {8,35,10,25}
[#.#...] (0,1,2,3) (0,2,4,5) (1,3) (1,2,3,4,5) (0,1,2,4,5) {42,45,52,38,37,37}
[...##..] (0,1,4,6) (0,1,2,3) (0,1,3,4,5,6) (2,3) (3,4) (2,3,5) (0,3,5,6) {33,24,13,51,37,32,33}
[...###.##.] (3,6,9) (0,6,7,9) (0,4,5,6,7,9) (0,1,2,3,4,7,9) (1,5,8) (3,7) (1,2,3,5,7,8) (1,2,4,5,6,7,8,9) (1,4) (0,1,2,3,4,5,7,9) (0,2,4,5,7,8) {25,52,36,158,34,55,139,45,40,150}
[.....#.] (0,3,4) (5) (1,3) (0,2,3,4,5,6) (0,1,2,4,5,6) (0,1,2,4,6) {45,43,36,36,45,30,36}
[...#.#..#] (0,1,2,4,5) (0,1,2,4,5,6,7,8) (0,6) (0,1,2,3,5) (0,1,2,5,6,7,8) (0,1,2,3,4,6,7) (0,2,3,5,6,7,8) (4,6,8) (4,5,6,7,8) (2,3,5) (1,5,7) {73,70,87,62,52,107,73,72,57}
[#####.] (2,3,5) (0,5) (1,5) (0,4) (0,1,2,3,4) {41,29,29,29,24,49}
[###.###.##] (0,1,2,3,4,5,8,9) (0,2,3,5,6,7) (0,2,4,5,6,7,9) (0,3,5,6,9) (0,1,2,3,4,6,7) (1,5,7,8,9) (0,1,2,3,5,6,7,8) (0,1,4,9) {205,58,182,182,45,195,181,191,30,58}
[.#.#] (2,3) (1) (0) (0,2) (0,1,3) {20,18,13,19}
[###.##....] (0,1,2,4,5,6,7,9) (7) (4,6,8,9) (0,1,2,3,4,6,9) (1,3,4,5,6,7,8,9) (0,1,2,5,6,8,9) (0,2,3,6,7,8) (3,4,5,6,7,8) (0,1,2,3,8,9) (0,5,6,9) (1,2,3,4,6,9) (1,3) (1,4,9) {66,70,76,58,54,33,86,32,57,86}
[.####.#.] (3,5) (2,4) (1,2,7) (0,1,2,4,5,6) (0,1,2,3,5,7) (0,1,2,3,5,6) {47,66,86,39,39,58,32,34}
[...#] (0,2) (2) (0,3) (0,1) (3) (1,2) {24,27,21,22}
[####.] (0,3,4) (1,2,4) (1,2,3,4) {12,20,20,17,32}
[##.#.] (1) (1,2,3,4) (1,4) (3,4) (0,3,4) (0,4) (0,1,2,3) {17,28,9,26,48}
[.##..] (0,4) (3,4) (0,1,2,4) (0,2) (1) (0,3,4) {34,3,11,29,41}
[.#.#.#] (3,4) (0,4,5) (0,3,4) (0,2,3) (1,3) (0,3) (2,3) {25,16,13,49,19,6}
[..###..] (1,4) (0,1,2,4,5) (2,3,4) (0,1,3,4,6) (0,2,4,6) {5,8,16,15,24,0,5}
[###.##.#] (0,1,2,3,4,6,7) (0,3,4,5,6,7) (4,6) (0,1,2,5) (0,1,2,5,6,7) (2,3,4,5,6) {41,21,31,31,46,50,47,22}
[##.##.] (0,1,2,3) (1,2,4,5) (1,2,3,4,5) (0,1,4,5) (0,1,2,4,5) (0,2,3,4) (0,3,5) {163,64,51,161,46,175}
[#..#] (0,2) (0,3) (1,3) (0,2,3) {20,19,14,30}
[.####..#] (2,3,4,5,6,7) (3,5,7) (2,7) (0,1,2,5,6) (1,4,6) (3,7) (0,1,4,6,7) (1,2,4,5,6,7) (0,2,3,6) (1,2,3,4,7) {50,73,70,54,61,45,81,78}
[#..##] (1,2,3,4) (3,4) (0,2,4) (0,1,2) (0,1,4) {36,25,24,6,35}
[##.###.#.] (0,2,3,6) (1,3,4,6,7) (0,4,5,7) (3,6) (0,1) (2,3,5) (1,2,5,6,7) (0,1,2,3,4,6,7,8) {35,33,32,48,25,16,38,26,10}
[..###..##.] (1,2,5,7) (2,7,9) (0,1,5) (0,2,3,4,5,6,8,9) (0,2,5,8) (1,3,4,8,9) (0,1,2,4,5,9) (0,2,3,5,6,8) (0,2,6,7) (0,2,3,4,7,8) (0,1,3,4,5,6) {104,66,91,70,67,92,60,40,56,50}
[..#....#] (1,3,5,7) (1,2) (2) (0,2,6) (2,5,7) (0,1,2,3,5,6) (0,4,7) (4,6) {25,30,64,10,9,12,34,3}
[###....] (0,2,5,6) (1,2,4,6) (4,5) (2,3,4,6) (0,1,2,3,6) (3,5) (1,2,3,4) (0,2,3,4,6) {18,26,41,43,50,22,23}
[..#...] (3,4) (1,3,4) (0,2,4,5) (0,1,3,5) (4) (0,3,4) (0,1,2,4) (0,2,3,5) {27,26,11,45,54,14}
[#.###] (0,3,4) (1,3) (0,1,3,4) (0,2,3) (1,2,3) {19,17,7,36,19}
[.#.#] (1,3) (0,2) {8,199,8,199}
[#..#####.] (2,3,4,7) (1,2,5,6,7) (1,2,3,4,5,7,8) (1,8) (1,5) (1,5,8) (2,3,4,5,6,7,8) (0,1,2,3,5,6,8) (0,4,5,6,8) (1,3,5,7,8) (3,4) {32,73,44,64,51,92,40,44,79}
[.#....] (0,3,5) (0,2,3) (0,2,3,4,5) (1,2,4) (0,1,2,4,5) {53,29,51,41,49,51}
[..###.] (1,2,3,4) (0) (1,2,5) (0,4,5) (0,1,2,4) (2,3,4) {38,21,24,4,33,27}
[#.###....] (0,4) (0,1,3,4,5,6,8) (1,2,3,6,8) (0,2,3,5,6,7,8) (2,3) (0,1,3,8) (2,6) {35,41,42,59,20,23,47,3,44}
[...#.##.#.] (0,3,4,5,9) (4,9) (2,3,6) (1,2,3,4,5,7,8,9) (0,1,2,3,4,6,7,8,9) (0,1,2,3,7,8,9) (1,2,7) (0,2,3,4,5,6,7,9) (0,1,3,4,5,6,7,9) (2,3,7) (1,2,5) {44,49,69,86,59,56,39,66,19,59}
[##..#..] (0,5) (3,6) (0,1,2,3,6) (1,2,3,4) (2,4) {18,14,16,31,14,16,19}
[..###.#.] (1,3,4,5,6,7) (0,3,6,7) (0,1,2) (1,2,5,7) (3,5) (3,7) {28,45,35,30,10,35,19,37}
[.#.#.##...] (1,2,3,4,5,6,8,9) (0,1,4,7,8,9) (1,4,5,6,7,8,9) (0,2,4,5,6,8) (0,2,3,7,8,9) (1,2,4,5,7,9) (2,3,7,9) (0,1,3,5,6,7,8) (0,1,4,7) {26,42,48,37,43,29,19,53,38,60}
[##.##...#] (0,2,3,4,5,6,7) (0,2,3,5) (4,5,6) (0,1,3) (1,2,6,8) (1,4,6,8) (0,2,4,6,7) {23,205,219,14,26,19,225,15,202}
[.##.] (0,3) (1,2) (1,2,3) (0,1,2) (1,3) {26,38,33,39}
[#...#...] (0,4) (0,1,2,3,4,6,7) (0,1,2,3) (0,1,4,5,6,7) (0,2,3,4,5,6) (0,2,6) (1,2,3,5,7) {57,39,48,43,43,20,41,30}
[.###..] (0,3) (1) (1,2,3) (1,2,3,4,5) (0,5) (2,5) (0,1,2,4,5) {19,42,38,24,27,38}
[##.#.#.#.#] (0,1,3,6,7,8,9) (0,1,2,3,5,7,9) (0,1,3,4,5,7,8) (4,6) (0,3,9) (0,1,4,5,7,8,9) (0,1,2,4,7,9) (0,1,2,3,4,5,6,7,9) (0,1,2,3,4,5,6,7,8) {94,86,43,74,61,66,52,86,52,78}
[##...##] (0,1,3,4,6) (1,2,3,5,6) (1,4,6) (2,4,5,6) (0,1,2,4,6) (0,1,2,3,5) (1,3,4) (0,3,4,5,6) (1,3,5) {177,210,55,199,208,62,213}
[...#...#.] (3,5,6,8) (0,2,3,4,5,6) (0,1,2,4,5,7,8) (1,3,4,6,7,8) (1,6,8) (0,1,2,3,4,6,8) (0,2,3,4,7,8) {43,42,43,75,58,32,70,29,73}
[..#.] (1,2) (0,2) (0,1,3) (0,1,2) {46,30,29,20}
[#.####] (0,1,2,4,5) (0,2,3,4,5) (0,1,5) (2,3) {43,31,45,31,26,43}
[##.##] (1,2,3,4) (0,2) (0,1,3,4) {9,11,6,11,11}
[#..#...##] (1,2,3,5,6,7,8) (1,4,5,6,7,8) (0,2,4,5,6,7,8) (1,5,7,8) (0,1,2,3,4,5,7,8) (3,5,6,7,8) (0,8) (3,5) (1,3,5,6,7,8) {31,23,15,49,18,68,32,49,65}
[.#..] (1,2) (0,2) (0,3) (0,2,3) (0,1,3) {139,20,28,132}
[..#.#] (1,2,3,4) (1,2,4) (1,2,3) (0,1,2,3) (2) (0,1) {31,57,53,44,15}
[.#.#.#.] (4,5,6) (0,2,3,5) (1,4,5,6) (0,1,2) (3,4,5,6) {7,21,7,18,49,53,49}
[#.#.#] (1,2,3) (0,2,4) (0,1,2) (1,3) {34,32,34,12,14}
[#######...] (0,1,3,4,6,7,8,9) (2,3,8) (1,2,3,4,5,8,9) (0,4,6,7,8) (0,1,4,5,6,8) (0,3,4,5,7,9) (1,2,3,4,6,8,9) (0,1,3,4,5,9) {225,61,40,245,255,229,34,197,63,235}
[...###..] (4,5) (0,1,3,7) (0) (1,3,5,7) (0,4,6) (0,2,3,4,7) (3,6) (0,2,5,6,7) (0,1,4,7) {58,34,17,45,17,25,13,51}
[.#.##..] (2,3) (3,4,5) (0,1,3,4,6) (1,3,4,5,6) (0,2,3,6) (1,4,6) {18,28,28,48,40,20,46}
[###.#] (0,3,4) (0,2,3) (1,4) (0,1,2) (0,2) {40,14,25,35,26}
[##.#] (3) (0,2) (0,1) (0) (2) (0,1,3) {145,126,14,28}
[.######..#] (1,4,5,7) (0,1,4,6,8) (0,5,9) (0,1,4) (0,1,3,4,5,7) (0,2,4,7,8,9) (2,3,6,7) (0,1,3,4,7,8,9) (0,1,2,4,6,7,8,9) {67,56,41,34,63,32,42,68,41,48}
[#.###] (2,3) (0,1,4) (1,3) (0,1) (0) (2,4) {46,41,136,124,33}
[#.#..] (0,3,4) (0,1,4) (1,2) (1,2,4) (1,3,4) (0,2,4) {16,184,172,16,183}
[###.#] (0,1,3) (1,3,4) (2,3,4) (0,1,2,4) (1,2,4) (0,3,4) {149,141,132,31,151}
[#.###.###] (3,5) (0,1,2,4,5,6,8) (0,3,4,5) (3,6,7,8) (0,3,5,7) (1,3,4,5,6) (1,3,4,6,7,8) {39,16,8,64,27,53,30,39,27}
[#.#.##.] (0,1,2,4,5) (2,3,5,6) (2,3,4) (0,1,4,6) (0) (3,4) (0,1,2,3,5,6) (1,2) (0,1) {56,50,43,32,50,34,32}
[.#..] (0,2) (1,2) (1,3) (2) (3) (0,1) {26,21,32,15}
[..###..#.] (1,3,4,6,7,8) (0,1,2,3,5,6) (0,1,2,4,7) (2,3,7) (0,6,8) (4,7,8) (0,1,3,4) (0,1,2,3,5,6,7) (1,2,5,6,7) (0,3,5,8) (2,6,7,8) {67,162,62,169,129,49,156,154,136}
[.#..##...] (1,2,3,4,5,6) (0,2,5,6,7) (1,6) (0,2,3,5,8) (0,1,2,3,4,8) (0,4,8) (4,5) (1,2,3,4,5,6,8) {20,19,33,27,33,47,24,6,21}
[##...#.#] (1,2,3,4,6,7) (0,3,6,7) (0,3,4,5) (3,7) (0,6,7) (1,2) (3,5,7) (0,1,4,6) {65,44,29,89,54,36,66,83}
[#.###] (3) (0,1,4) (0,1,2,3) (1,2) {20,40,38,38,2}
[##....#] (2,3) (3,6) (0,3,4,5,6) (0,4,5,6) (0,1,2,6) {35,18,33,26,17,17,36}
[.......#] (1,3,4,6,7) (4,5,6) (1,2) (0,1,3,4,5,6,7) (0,2,5) (2,3,4,5,7) (1,3,4) (0,1,3,4,5,7) (1,3,4,5,7) {31,63,34,57,70,70,27,54}
[.#..##.] (2) (1,2,5,6) (2,4) (0,2,4) (0,3,5) (1,2,4,5) (0,1,3,4,6) (0,2,3,5,6) (0,2) {58,35,66,37,38,52,27}
[#....] (1,3,4) (0,3) (0,2,3,4) (1,3) (0,1) (0,4) (0,2) {62,27,32,51,22}
[#.....#.##] (0,1,2,5,6,7,8,9) (1,3,9) (1,4,7,8,9) (0,2,4,5,6,8,9) (2,8,9) (1,3,4,5,6,9) (0,2,4,5,6,9) (0,2,3,4,6,8) (1,6,7,8,9) (0,1,2,4,5,6,7,8) {42,44,62,19,44,45,58,30,63,84}
[...#...#.#] (0,2,3,4,6,7,8,9) (0,1,2,5,6,9) (1,5,6,7,8,9) (1,3) (0,1,4,7,8) (0,1,4,8,9) (1,3,5,6,9) (4,8,9) (0,1,3,4,5,7,9) (1,2,4,5,6,7,8) (1,3,9) {55,102,37,50,69,68,72,63,80,106}
[..##.] (1,2) (0,3,4) (0,2,3,4) (2,3) {8,19,34,15,8}
[#..#.##] (0,5) (0,1,2,3,4,5) (0,4,5,6) (1,2,3,4,6) (0,2,3,4,5) (3) (2,3,6) {19,14,35,43,27,19,33}
[##..###.##] (1) (0,1,2,3,5,6,8,9) (1,2,3,4,6,7) (2,3,8) (0,1,2,4,5,7,8) (3,4,7) (0,5) (0,1,2,3,5,6,7,8) (3,8,9) (0,1,2,3,6,7,8,9) (0,2,3,4,5,6,7,8,9) {43,35,52,65,21,43,35,24,69,49}
[.#.#] (2,3) (1,3) (3) (1,2,3) (0,3) (1,2) {3,21,15,19}
[#.####] (1,2) (0,1,4,5) (3) (0,4,5) {26,25,9,2,26,26}
[#..####] (0,3,4,5,6) (1,2,6) (0,2) (1,2,4,6) (2,3,5) {22,21,43,16,27,16,29}
[#####.] (0,1) (2) (2,4,5) (1,3,4,5) (1,3,5) (2,3) (0,5) (0,2,4) {30,49,17,40,20,38}
[#....#.] (1,2,5,6) (0,1,2,3,4) (0,3,4) (6) (0,1,2,5,6) (0,2,5) (0,1,2,4) (2,4) {52,38,59,11,38,29,33}
[....###] (1,6) (0,1,2,3,5) (0,2,4,5) (0,2,3,4) (4) {16,20,16,12,5,15,9}
[.#.#.#] (1,2,3,5) (0,1) (0,1,3,4) (0,3) (3,4) (2,5) (1,2,3) {145,41,35,177,35,22}
[##.#] (0,1,2) (0,1,3) {31,31,18,13}
[...#...#] (1,2,3) (2,6) (0,2,4,6,7) (0,2,4,5) (0,5) (1,2,7) (0,3,5,6) {31,11,40,11,19,19,32,22}
[#..##.#] (5) (1,2,4) (0,2,3,4,6) (0,6) (0,3,4,5,6) (1,2,3,4,6) (0,1,4,6) (1,3,4) (0,1,2,3,6) {192,68,193,194,220,14,197}
[..#.] (2) (3) (1) (0,3) (2,3) (0,1) {16,20,29,39}
[#.#....###] (3,4,7,8) (0,3,4,6,7,8) (0,1,4,5,6,7,8,9) (0,1,4,5,7,8) (1,2,3,5,6,8) (0,1,2,4,5,7) (0,2,3,6,8) (1,2,4,5,6,8,9) (0,1,2,3,5,9) (6,8) {57,61,48,69,64,61,73,58,93,28}
[#..#.#] (0,3) (0,1,2,4) (0,1,2,3,4) (0,1,2,4,5) (0,2,5) (1,3,4) (0,1,3,4) (0,1,4) {241,223,37,224,223,17}
[...#.####] (1,7,8) (0,2,3,5,6,7,8) (1,2,3,4,5,6,8) (0,1,4,5,6,8) (0,3,4,5,6,7,8) (0,7,8) (1) (4,5,7) (2,3) (4,6,7,8) {215,48,205,210,52,223,216,244,253}
[#..#.##..] (1,2,3,4,5,7) (0,3,5,6,8) (1,2,4,6,7,8) (2,3,5,7,8) (0,4,6,7,8) (0,5) (1,2,4) (3,6) (0,3,4,5,8) (0,2,3,5,6,7,8) {62,42,52,65,63,74,44,37,53}
[#.##] (0,2,3) (0,1,3) {154,3,151,154}
[#..#.#] (0,1,2,3) (1) (0,3) (4,5) (0,4,5) (0,4) (1,2) (0,1) {55,45,14,21,36,24}
[..####....] (0,1,3,6) (1,4,7) (0,2,3,8) (2,8) (0,1,2,3,4,6,7,8) (0,2,3,4,5,6,7) (3,8) (2,6,8) (0,1,2,3,4,5,6,9) (0,2,4,5,6,7,9) {59,43,67,65,63,37,55,47,38,18}
[#.###.] (4,5) (3,5) (1,5) (0,2,3,5) (2,3,4) (3,4) {17,16,37,224,196,48}
[...####.#.] (1,4,5,8,9) (0,3,6,7) (1,2,4,5,7,9) (0,4,8) (1,2,6,8,9) (0,1,2,3,5,6,9) (0,2,3) (4,5,6) {39,42,54,38,28,43,31,24,9,42}
[#...] (2) (0,2,3) (0) (0,1,3) (0,1,2) {37,16,27,15}
[..####.#..] (1,4) (2,3,4,5,7) (5,7) (8,9) (0,2,3,4,6,9) (0,5,6) (0,1,2,3,8,9) (0,1,5,6) (0,1,3,4,5,6,7,8,9) (1,2,3,7,9) (0,1,6) (4,6) {250,76,34,45,38,224,231,34,51,61}
[.#.###..] (1,2,3,4,7) (0,1,3,6) (1,3,4,5) (3,5,6,7) (1,5,7) (0,1,7) (0,1,2) (1,2,4,5,7) {39,256,39,37,31,223,21,227}
[.#...###..] (2,6,9) (2,3) (1,5,6,7) (0,2,5,7,8,9) (0,1,2,7,9) (3,4,6,8,9) (1,2,4,6,7,9) (0,1,2,3,4,6,7,9) {29,29,160,28,26,22,166,40,31,178}
[.##....#] (0,1,3,4,5,6,7) (4) (1,2,4,6) (1,2,3,5,6,7) (0,2,3,4,5,6) (0,2,5,6) (3,7) (2,6) (0,1,2,3,4,7) (0,1,2,4,5,7) {54,76,97,53,72,61,79,61}
[###.#] (0,1,2,3,4) (2,3) (0,1,3,4) {17,17,21,24,17}
[.##.#] (0,1,2) (1,2) (0,3,4) (0,3) {32,15,15,32,15}
[.......##] (1,5,6) (0,1,2,4,5,6,8) (5,7) (3,5) (0,1,3,4,6,8) (2,3,5) (3,4,6,7) (0,1,3,4,5) (0,1,2,4,5,6,7,8) (2,8) {26,42,23,48,41,59,41,18,22}
[####] (1,3) (0,1,3) (2) {0,19,1,19}
[..#.#.###] (1,2,3,5,6,7,8) (2,3,5,6,7) (6) (1,2,3,4,5,7,8) (0,1,2,5,8) (0,1,6,8) (2,4) (2,3,6,8) {9,26,40,37,9,22,40,22,41}
[....##..#.] (0,2,5,7,8) (5,8) (0,2,3,4,5,6,8,9) (2,4,5,6) (0,2,6,7) (0,2,3,5,7,8,9) (9) (2,5,7,9) (0,1,3,9) (6,9) (3,6,7) (1,5) {63,34,73,62,22,93,55,66,49,73}
[##..#] (0,2) (3,4) (1,2,3,4) (1,3,4) (1,4) {13,18,14,11,23}
[###..] (0,1,2) (0,2,3,4) (1,3,4) {35,22,35,27,27}
[..##.##.] (0,1) (1,5,6) (1,2,5) (2,3,5,6) (5,6) (0,2,3,4,7) (1,3,5) (2,7) {17,234,36,15,0,247,229,13}
[.####..] (0,1,2,6) (2,5,6) (0,6) (4,5) (1,5) (2,3,4,5,6) (0,1,3,4,5,6) {49,30,38,35,53,66,77}
[####.] (0,3,4) (0) (1,4) (1,2,3) (0,1,2,3) {29,30,17,29,25}