0:
#.#
###
#.#

1:
###
###
#..

2:
###
.##
##.

3:
###
.##
..#

4:
###
..#
###

5:
##.
.##
..#

43x45: 35 25 41 42 28 38
41x48: 50 49 53 49 49 54
44x40: 44 42 52 38 49 45
36x44: 36 45 33 46 51 31
42x43: 36 51 41 55 48 49
43x41: 32 55 52 45 53 30
43x45: 37 44 39 31 27 32
40x37: 22 24 31 27 23 28
50x47: 30 41 44 50 36 38
44x42: 56 34 49 47 57 39
45x44: 46 47 55 47 50 63
44x35: 30 30 23 24 19 27
43x38: 38 42 39 43 45 46
49x43: 37 37 34 44 28 44
48x50: 62 68 73 63 51 49
48x47: 40 43 47 35 32 42
47x50: 41 43 35 46 45 29
41x39: 41 34 51 36 42 42
48x45: 44 64 44 70 56 57
46x41: 33 34 25 32 41 30
36x40: 43 38 35 43 29 34
37x41: 30 32 26 30 23 15
47x44: 37 27 34 39 39 33
36x38: 27 36 39 42 32 36
39x50: 36 45 57 55 48 64
45x46: 43 56 56 45 56 65
36x41: 35 33 39 49 32 42
48x46: 36 54 32 38 40 39
49x35: 27 36 26 29 26 31
49x36: 30 33 31 34 32 31
37x36: 30 35 37 29 33 43
37x46: 41 40 23 22 25 29
38x45: 51 44 39 48 41 40
43x48: 37 33 49 31 33 41
40x35: 27 22 23 25 25 21
38x48: 52 51 40 47 44 47
37x47: 36 43 45 44 59 39
38x48: 42 31 24 31 30 33
50x50: 46 37 38 44 45 46
42x36: 27 24 24 29 40 23
42x39: 29 27 29 34 27 36
48x35: 35 41 52 47 44 39
48x41: 47 35 34 33 37 21
41x41: 26 30 27 29 25 31
44x46: 59 52 37 72 39 57
38x45: 32 35 25 29 22 36
45x49: 40 32 43 43 42 39
41x48: 52 51 43 54 50 55
49x43: 53 61 50 60 45 57
40x48: 45 57 56 42 40 57
42x42: 26 39 29 36 30 36
48x49: 62 57 53 53 71 67
48x43: 48 61 56 38 57 57
39x38: 34 41 37 51 29 38
47x44: 35 39 36 29 30 40
48x43: 46 37 33 35 30 43
47x42: 34 43 32 28 36 36
47x49: 44 42 30 45 37 42
41x42: 36 24 35 31 34 21
40x43: 24 43 31 28 31 24
38x49: 35 33 34 25 38 27
45x43: 40 29 37 28 40 35
45x41: 46 52 47 44 51 42
44x38: 30 29 29 26 25 29
44x43: 29 34 38 38 32 25
40x45: 37 40 42 24 28 24
40x47: 21 25 37 26 43 43
49x50: 40 43 39 38 50 45
48x50: 53 73 50 74 68 50
44x44: 32 29 38 36 26 34
48x38: 30 31 33 29 31 38
43x38: 48 38 47 40 38 40
43x40: 28 46 48 50 49 45
39x40: 38 34 39 46 42 43
45x40: 27 43 29 34 29 32
36x42: 30 22 30 32 25 29
45x46: 45 36 39 33 36 35
49x50: 73 71 52 68 53 60
40x44: 29 32 25 28 36 31
49x38: 26 32 45 40 31 18
35x42: 33 18 19 35 20 29
45x41: 44 42 48 47 58 44
40x48: 31 43 23 30 33 47
48x47: 43 37 54 31 34 41
46x48: 38 48 39 39 52 24
41x47: 56 49 49 46 53 41
37x49: 34 32 37 28 30 31
47x37: 20 27 27 39 34 32
41x42: 45 48 50 47 35 39
38x41: 28 37 20 26 25 19
40x36: 27 19 31 19 35 25
39x37: 40 38 36 45 36 25
38x44: 39 36 46 44 49 44
43x46: 44 26 36 35 31 38
37x42: 36 38 41 45 45 33
49x39: 26 32 33 41 33 43
40x46: 39 59 42 55 39 52
41x36: 22 28 21 23 30 31
46x35: 23 30 26 35 24 26
43x49: 43 37 30 36 33 45
50x41: 36 25 30 41 38 37
40x49: 40 25 41 26 37 39
35x39: 34 24 17 22 24 21
42x48: 36 32 39 43 38 36
36x39: 23 30 20 28 23 31
35x44: 38 34 51 44 34 36
47x49: 49 43 76 74 62 50
38x43: 34 41 42 51 41 45
43x41: 33 33 29 35 24 27
49x41: 32 36 31 31 45 32
38x39: 17 27 22 33 27 29
50x45: 46 41 34 36 36 47
43x39: 47 47 48 40 37 37
36x38: 36 42 33 32 30 38
40x47: 42 30 37 25 34 27
46x39: 35 54 56 35 45 51
45x48: 46 47 27 37 45 38
45x50: 37 44 45 36 34 44
48x41: 40 29 35 31 32 41
36x37: 15 38 25 26 20 19
40x38: 28 18 20 36 28 26
39x35: 20 21 25 22 26 28
47x45: 41 46 23 43 42 30
48x37: 35 23 40 27 31 36
38x49: 27 37 28 33 40 26
46x43: 58 47 62 36 47 53
45x44: 47 44 52 60 50 54
41x40: 44 38 38 50 44 39
45x45: 44 27 36 47 33 37
48x39: 31 41 34 34 40 28
46x40: 48 42 46 50 48 51
47x36: 27 28 32 31 22 39
37x43: 27 36 46 44 46 49
44x35: 36 49 35 42 37 38
49x44: 48 52 55 50 62 68
41x38: 25 37 49 35 44 53
39x50: 29 43 40 29 32 35
47x37: 25 27 30 39 29 29
35x35: 36 26 34 26 32 35
42x50: 37 37 37 36 38 38
38x35: 15 18 20 29 21 29
44x50: 43 46 30 40 36 29
38x35: 34 29 41 33 38 28
39x47: 42 51 62 48 31 49
37x35: 29 30 34 31 38 39
41x40: 26 25 36 30 26 26
38x38: 40 44 36 29 38 33
40x42: 32 19 32 29 36 33
50x44: 38 37 31 32 39 46
49x37: 32 29 25 39 36 30
45x39: 33 33 40 37 25 26
48x36: 40 49 44 40 45 49
41x46: 26 33 30 29 37 40
35x39: 25 25 21 30 19 22
47x38: 38 23 30 28 34 26
40x36: 31 39 31 37 44 41
42x44: 34 29 31 40 31 31
49x35: 44 37 53 55 37 38
47x39: 49 57 47 38 48 40
35x45: 20 21 34 30 32 27
50x37: 32 50 53 44 56 50
37x37: 23 24 25 19 26 26
39x45: 31 33 34 29 26 41
44x50: 65 66 37 55 65 48
43x46: 42 38 39 32 25 34
50x45: 68 73 48 53 53 48
46x48: 60 49 59 56 62 53
47x45: 41 35 32 46 34 37
41x45: 33 35 24 29 44 30
39x49: 41 24 35 39 35 34
40x38: 28 19 29 29 21 29
44x48: 47 45 24 39 33 36
47x50: 64 62 59 62 57 57
48x41: 37 49 50 61 53 56
46x41: 27 23 36 33 43 32
38x49: 53 48 46 44 51 43
37x37: 26 27 24 21 23 22
44x50: 32 46 42 38 34 31
37x37: 37 30 28 36 42 39
50x46: 36 36 38 43 42 44
42x50: 34 36 38 29 43 43
44x47: 44 52 48 55 64 57
48x38: 51 38 48 44 47 55
35x48: 34 56 51 40 32 46
43x49: 38 36 33 35 39 43
44x44: 43 32 30 36 34 20
40x50: 56 53 44 52 49 55
46x36: 45 42 36 49 42 42
42x45: 52 42 51 62 40 45
39x40: 35 27 23 18 31 34
37x37: 24 29 28 21 19 22
36x43: 34 40 50 38 32 46
45x50: 44 37 41 31 49 37
42x47: 52 54 45 49 55 48
47x35: 24 30 25 28 29 28
47x46: 58 64 45 52 52 64
37x47: 44 30 45 58 45 49
40x50: 47 62 53 39 45 64
39x37: 46 31 38 41 32 34
43x46: 48 65 44 42 54 50
37x46: 24 28 29 26 43 30
50x38: 53 53 48 54 40 44
36x45: 28 35 30 28 36 23
37x49: 32 34 20 35 33 38
47x50: 59 53 65 61 68 54
49x46: 30 44 41 49 35 40
42x47: 39 37 35 38 26 35
43x43: 36 33 38 34 28 26
46x42: 61 46 45 54 41 52
49x43: 34 32 45 41 35 37
47x35: 29 24 23 33 33 23
36x43: 22 39 23 36 22 25
49x36: 41 44 41 58 46 43
35x50: 40 46 43 45 52 43
47x44: 49 54 47 58 59 52
37x44: 42 40 44 41 34 53
38x43: 54 32 36 34 42 57
39x36: 31 33 37 37 44 34
45x44: 40 29 39 38 25 38
46x44: 41 24 38 36 36 34
50x41: 29 39 41 21 33 45
35x36: 31 37 39 30 24 33
39x48: 28 35 20 40 41 43
41x42: 33 33 41 22 27 26
40x37: 37 36 32 50 38 36
45x44: 43 29 26 35 51 26
38x49: 28 34 26 38 32 33
42x39: 54 44 37 40 37 39
42x43: 43 31 25 29 37 31
42x41: 45 52 50 32 39 46
48x49: 33 47 43 43 40 49
46x47: 43 38 42 36 24 41
45x45: 40 33 32 39 36 44
43x44: 34 38 23 42 35 24
41x42: 30 21 24 38 35 33
36x45: 45 44 43 40 39 37
50x49: 58 61 69 60 65 64
38x40: 43 35 39 35 44 37
47x40: 53 46 52 41 57 36
40x41: 25 34 17 26 29 38
43x42: 26 35 30 36 41 27
36x49: 43 51 47 59 35 36
47x41: 40 30 32 34 32 26
39x49: 29 40 33 42 28 35
38x37: 26 22 28 18 27 23
37x44: 25 27 31 24 34 27
48x46: 62 48 51 47 70 62
46x41: 19 36 38 36 30 35
41x40: 37 41 46 51 36 43
48x40: 24 30 31 29 53 41
37x36: 26 24 29 19 23 23
49x35: 49 38 35 57 45 41
36x49: 30 23 41 34 30 33
39x48: 42 24 37 39 31 35
49x38: 44 46 57 53 41 46
46x38: 45 44 39 42 48 53
40x39: 32 39 17 24 25 32
47x43: 29 41 28 26 51 34
35x38: 15 21 29 25 17 24
35x37: 40 25 40 31 31 32
37x50: 45 59 48 44 45 42
50x38: 29 41 38 28 35 20
36x44: 43 45 34 38 39 46
49x47: 37 44 34 35 51 39
49x41: 44 45 57 53 65 43
39x38: 24 27 21 30 26 27
36x47: 32 25 29 36 36 21
43x49: 43 45 35 33 33 35
46x40: 37 31 29 34 30 33
38x44: 31 34 20 33 26 23
39x40: 26 24 17 32 32 37
45x35: 39 38 46 34 38 49
41x35: 25 22 26 20 21 28
42x40: 46 41 39 48 39 48
36x38: 21 25 28 16 24 30
37x36: 14 25 27 29 27 21
47x36: 25 36 21 21 41 35
41x40: 43 38 51 48 35 37
36x40: 24 27 25 28 27 24
38x44: 41 43 50 41 42 39
36x49: 48 54 42 42 43 41
38x41: 19 28 32 28 23 25
37x35: 25 21 18 31 22 15
41x40: 29 29 26 26 29 30
43x36: 42 39 41 34 43 38
38x38: 31 23 23 22 22 22
36x45: 44 36 45 40 38 48
37x43: 30 27 32 24 31 23
41x43: 51 42 43 48 45 42
37x48: 41 34 28 25 27 36
50x50: 40 45 37 43 50 40
38x42: 28 28 31 20 26 35
42x40: 36 31 20 29 31 35
38x36: 31 33 41 38 29 41
43x37: 33 27 31 31 24 21
50x50: 50 37 48 32 37 52
48x41: 56 51 41 55 55 44
46x41: 36 34 27 34 31 33
45x36: 34 34 28 25 28 30
49x44: 32 42 31 42 37 40
50x42: 42 39 37 44 35 26
44x47: 57 58 57 39 44 65
46x46: 52 32 41 32 32 36
49x40: 27 40 48 32 28 32
50x36: 37 51 45 57 45 43
41x41: 35 25 29 24 24 32
42x38: 31 29 28 32 25 23
45x46: 38 59 52 61 54 57
35x41: 35 10 25 19 21 33
35x36: 16 26 22 26 29 13
37x42: 44 37 47 35 38 37
44x46: 34 40 32 29 45 29
41x39: 26 24 27 28 27 36
36x40: 26 28 27 27 21 27
40x49: 37 38 32 30 39 32
36x40: 33 35 24 19 18 26
50x43: 44 29 44 30 39 37
38x46: 30 20 31 35 30 33
48x44: 55 54 52 54 57 53
50x50: 38 35 38 51 51 42
47x35: 33 42 50 34 44 52
41x38: 20 33 23 34 18 28
50x38: 20 36 38 39 27 32
44x49: 35 50 37 23 36 42
47x46: 59 50 54 64 49 59
43x45: 42 69 55 41 37 54
40x41: 41 40 30 52 46 46
46x35: 24 44 24 25 21 26
49x48: 52 36 44 37 43 44
44x46: 36 29 34 32 38 40
43x38: 26 31 24 27 37 23
38x48: 32 28 30 28 33 40
42x39: 47 34 42 51 34 47
37x44: 44 46 39 30 46 45
49x47: 38 39 41 44 41 36
35x49: 36 27 28 21 33 30
44x50: 42 35 31 37 35 44
42x37: 37 29 44 43 47 40
38x46: 43 44 51 39 43 50
47x49: 42 39 43 34 41 41
42x48: 30 35 41 37 47 33
48x38: 35 27 35 30 26 39
49x39: 50 45 40 52 50 61
39x43: 23 34 29 35 35 25
44x48: 46 65 57 46 59 50
43x43: 34 33 28 36 30 35
42x48: 52 61 44 52 49 53
38x40: 39 36 39 34 47 38
47x49: 64 54 56 58 65 57
49x41: 29 31 39 35 27 47
45x36: 44 38 39 47 47 33
42x47: 57 46 60 51 47 40
50x47: 58 54 58 70 58 67
47x43: 48 54 50 52 53 55
42x39: 31 23 22 41 31 33
48x39: 44 31 36 29 32 36
41x50: 54 46 61 43 54 58
43x41: 49 38 55 55 41 31
41x49: 24 40 31 28 46 39
49x43: 58 45 57 37 61 68
50x44: 58 57 50 56 56 64
50x35: 41 40 42 50 46 54
39x43: 38 46 33 42 49 53
46x47: 45 31 32 30 39 47
50x41: 35 40 44 32 30 27
47x45: 39 37 44 35 41 28
40x48: 26 41 33 33 43 31
43x39: 28 32 33 24 28 36
46x35: 42 40 41 39 49 35
47x50: 40 37 42 32 47 41
36x50: 35 30 35 37 32 23
47x48: 40 40 45 32 45 38
39x50: 31 46 29 37 31 34
42x50: 32 42 31 43 32 43
44x44: 42 49 52 45 51 62
37x45: 31 33 29 32 39 16
40x44: 31 31 30 30 28 31
41x39: 36 23 26 24 28 32
47x48: 46 38 36 39 38 42
50x40: 34 41 31 32 40 30
41x38: 38 48 42 43 28 42
48x45: 43 49 35 37 38 38
49x41: 26 44 38 16 45 38
35x38: 31 24 12 17 22 25
49x49: 46 38 38 45 42 46
48x36: 41 45 42 39 45 57
41x39: 27 32 28 34 21 27
43x39: 30 48 32 51 47 55
35x49: 40 45 42 43 48 47
38x38: 23 26 19 21 27 27
49x50: 49 49 29 43 48 38
46x37: 34 31 22 32 29 31
35x40: 26 18 26 22 29 22
42x48: 55 51 43 48 64 48
44x39: 24 33 20 38 34 33
43x37: 35 28 21 27 35 21
43x49: 43 36 37 40 38 30
43x35: 31 26 22 26 26 23
44x49: 58 52 57 58 46 64
42x39: 43 45 40 34 50 38
40x49: 47 54 44 57 38 68
37x47: 14 36 26 34 33 36
49x47: 56 54 65 60 53 70
45x35: 41 49 40 42 38 30
37x48: 28 26 40 41 28 28
47x42: 50 62 47 58 43 43
40x42: 27 43 29 26 31 25
35x45: 26 33 23 27 22 33
41x38: 26 23 19 27 31 29
40x41: 32 28 23 28 36 21
40x35: 32 33 33 39 44 35
44x42: 56 47 36 54 46 46
46x35: 47 43 28 58 34 40
35x36: 19 17 25 22 17 31
39x43: 38 46 49 41 39 46
39x43: 31 34 20 40 37 20
50x37: 34 29 28 38 33 29
46x42: 40 36 39 35 31 29
42x37: 28 28 34 28 22 27
42x41: 36 32 17 32 37 28
38x43: 28 29 38 24 27 22
50x48: 66 55 54 63 55 83
47x47: 34 33 32 38 47 41
40x35: 26 33 18 28 16 21
44x49: 48 60 56 57 59 51
46x49: 65 69 51 48 56 56
38x35: 22 12 21 23 23 31
36x50: 55 43 42 45 41 53
45x36: 36 46 41 42 49 33
46x47: 59 61 47 52 61 51
39x49: 36 40 33 38 37 23
42x42: 40 42 48 47 52 42
42x46: 27 28 35 45 42 33
36x43: 32 20 25 34 29 28
39x38: 28 20 14 26 40 27
50x47: 42 61 65 50 78 66
36x37: 26 24 33 21 19 21
49x44: 31 36 48 45 35 29
41x37: 41 34 46 45 28 41
47x49: 39 51 32 42 37 39
39x43: 31 29 37 24 27 33
36x38: 27 31 25 47 41 44
46x48: 47 40 38 39 37 38
46x45: 44 43 32 38 38 29
44x40: 38 47 37 50 54 46
50x46: 45 49 38 29 38 40
39x36: 34 31 38 36 35 45
48x48: 48 41 50 37 47 33
43x38: 26 33 26 32 33 18
43x48: 39 39 32 34 40 40
43x42: 41 25 30 38 34 28
46x43: 39 32 36 37 24 42
49x36: 49 35 44 40 55 49
45x50: 36 41 27 44 52 40
44x46: 54 41 57 47 57 56
42x50: 34 48 41 27 38 35
40x50: 61 58 46 61 38 43
38x50: 33 36 35 32 22 34
37x43: 30 33 25 26 31 22
50x39: 44 46 50 62 48 53
43x46: 33 35 33 33 38 38
47x39: 42 45 46 47 59 42
49x45: 45 63 61 46 66 57
37x47: 32 39 35 24 22 28
36x45: 26 27 38 29 30 30
41x37: 26 21 29 30 31 19
48x35: 27 33 25 34 19 37
46x35: 22 19 28 26 32 38
49x47: 47 46 38 34 36 38
50x50: 60 66 68 61 66 63
37x37: 24 20 23 29 22 26
50x45: 67 47 52 57 69 53
50x49: 69 58 62 74 67 43
50x43: 58 27 38 39 40 21
44x48: 48 52 57 62 59 46
47x36: 49 40 50 33 46 40
36x45: 31 30 29 23 28 39
39x47: 32 37 23 39 29 34
45x41: 29 36 28 29 38 35
42x37: 40 35 48 47 26 46
42x45: 37 34 37 32 32 38
49x38: 36 32 36 29 28 30
41x35: 21 24 15 32 28 22
39x47: 31 36 34 29 36 28
37x42: 38 42 38 43 34 47
49x35: 43 41 43 50 47 40
37x40: 21 24 32 23 30 25
50x45: 62 52 59 55 66 50
42x41: 28 44 29 32 34 15
44x40: 34 34 31 27 32 24
47x40: 48 50 41 54 52 44
50x39: 51 54 44 52 51 48
46x37: 31 29 29 26 32 33
37x40: 25 23 25 31 36 16
41x47: 41 27 30 36 32 28
48x45: 53 55 66 58 51 48
35x50: 27 29 28 36 32 23
36x44: 37 34 44 42 44 44
48x39: 35 44 28 34 37 30
40x47: 38 30 32 26 26 42
46x49: 65 60 59 56 54 51
48x35: 38 49 41 44 48 37
44x42: 41 36 31 21 37 30
38x36: 19 28 24 22 19 31
39x39: 41 42 30 32 48 41
46x40: 42 31 29 40 27 26
45x36: 44 54 38 42 34 36
35x50: 54 49 38 42 49 34
42x41: 26 35 29 36 27 29
37x39: 23 26 14 33 28 32
37x43: 28 30 27 37 24 21
47x41: 34 31 31 36 28 35
40x47: 53 44 58 42 52 36
48x48: 52 52 64 54 70 63
45x39: 29 34 32 35 30 34
46x46: 42 32 47 28 36 40
40x41: 22 31 27 32 28 29
48x46: 43 29 40 43 36 49
50x43: 44 33 36 32 37 42
50x50: 66 63 64 68 62 62
41x41: 28 28 24 33 28 27
40x49: 53 53 50 44 56 43
41x47: 32 28 27 29 39 40
37x43: 42 34 47 34 46 41
42x46: 32 35 38 35 36 34
35x36: 39 31 29 31 32 32
48x36: 49 36 42 39 49 53
46x36: 46 33 44 47 42 44
38x44: 25 32 29 25 24 33
43x47: 26 40 32 34 41 37
40x44: 27 32 32 25 33 32
40x37: 30 24 22 22 22 35
39x49: 42 45 62 37 49 61
49x35: 30 31 28 31 26 29
48x40: 36 39 27 41 32 33
43x42: 28 30 27 32 46 32
50x35: 46 41 42 38 48 57
45x45: 37 32 37 42 46 31
47x40: 27 36 30 35 37 30
39x42: 46 38 49 37 39 43
42x47: 35 31 52 25 29 38
37x45: 34 21 27 28 40 29
40x38: 32 24 28 21 26 25
35x50: 49 47 40 34 55 42
35x49: 36 32 22 24 36 25
48x40: 41 54 46 41 57 58
37x47: 36 22 36 32 26 27
45x48: 56 65 53 50 47 63
38x48: 42 53 47 43 49 46
50x47: 45 32 39 45 46 33
42x38: 45 43 29 49 42 38
40x39: 20 40 25 30 28 26
43x47: 29 32 42 31 41 35
44x45: 45 54 54 45 58 47
46x36: 29 35 30 31 26 29
46x47: 28 29 41 57 34 36
44x44: 36 50 56 45 57 55
46x45: 47 30 41 33 35 39
43x36: 39 51 38 35 32 44
47x46: 38 38 35 42 36 35
50x50: 63 72 49 72 64 67
36x36: 26 24 23 21 24 25
47x42: 58 48 41 60 49 49
40x45: 38 50 55 41 50 41
36x50: 32 35 39 24 22 39
50x49: 43 49 37 41 51 35
44x35: 29 28 27 23 26 21
43x38: 45 41 40 41 42 43
45x44: 43 49 48 63 57 45
40x36: 24 22 23 29 24 33
49x42: 47 50 57 58 50 57
45x35: 26 23 30 29 23 33
49x37: 48 57 37 50 45 41
46x48: 40 45 38 32 44 41
41x36: 34 16 19 27 24 35
49x48: 50 29 41 36 52 47
36x38: 25 35 25 43 39 49
42x49: 41 30 47 34 37 35
48x36: 39 30 33 34 27 28
41x35: 32 38 30 42 45 34
50x45: 37 41 30 44 41 47
42x49: 42 56 59 50 63 44
41x38: 38 40 42 39 48 30
44x38: 44 38 46 43 42 45
37x38: 38 31 31 43 35 41
37x35: 23 19 17 28 18 26
47x49: 47 32 46 34 42 38
36x49: 42 48 38 51 45 50
38x38: 27 44 43 32 33 45
35x46: 45 46 50 31 32 43
39x46: 30 36 33 30 23 43
44x39: 35 27 36 24 31 28
42x42: 19 42 34 48 26 26
43x46: 54 55 45 47 47 58
48x39: 37 44 53 56 52 47
35x43: 41 39 39 45 29 40
50x41: 22 31 56 34 29 36
50x38: 26 38 42 31 27 28
50x45: 43 39 38 43 46 31
49x36: 36 46 24 28 29 28
48x45: 33 43 34 45 45 40
36x40: 24 19 32 39 22 20
39x48: 26 34 40 34 39 35
43x43: 33 33 29 35 37 29
49x45: 45 36 32 45 38 43
44x35: 58 32 31 31 40 46
40x38: 33 48 38 37 33 47
39x37: 22 28 23 26 29 28
38x35: 23 29 18 24 21 17
46x44: 58 44 59 50 54 44
44x38: 35 24 29 18 32 30
41x39: 31 24 34 29 20 30
47x42: 42 37 37 30 36 27
42x39: 35 29 33 28 31 26
38x35: 44 29 37 27 37 28
49x45: 45 52 56 62 64 63
41x49: 47 47 45 55 62 55
46x37: 40 49 40 54 36 45
50x50: 77 54 69 64 62 57
41x41: 38 49 46 41 40 45
40x41: 39 47 52 30 41 42
41x45: 36 35 27 33 33 30
40x38: 40 34 37 43 44 36
42x42: 41 32 25 33 33 32
39x40: 28 26 27 30 24 33
47x45: 55 55 55 55 59 44
49x38: 48 67 39 41 40 52
42x47: 59 51 50 45 53 43
41x48: 50 47 64 37 48 57
35x35: 33 26 41 31 30 26
50x44: 36 41 33 42 36 35
48x37: 29 30 43 29 36 25
37x35: 34 31 33 34 26 45
35x48: 23 21 27 30 41 34
47x49: 51 61 62 79 49 54
49x49: 72 56 59 53 66 63
43x38: 27 30 23 28 31 29
48x47: 26 44 43 45 45 37
47x40: 35 35 22 39 36 27
43x42: 45 47 52 48 39 48
43x43: 28 30 35 33 33 37
39x43: 32 38 24 24 29 34
47x44: 33 35 44 39 33 26
43x43: 35 35 22 37 38 29
43x46: 33 28 40 32 32 44
38x50: 41 60 39 54 56 41
37x38: 19 24 21 23 29 27
49x40: 35 35 32 28 41 37
49x49: 52 46 42 44 25 46
39x46: 53 42 49 38 48 45
39x41: 22 26 28 31 28 33
37x38: 40 44 37 26 38 28
37x38: 43 35 27 35 46 28
50x46: 32 48 41 37 38 43
36x45: 40 43 42 38 45 41
42x39: 28 40 30 30 18 36
39x38: 24 24 28 21 32 27
42x45: 33 32 31 42 38 34
40x46: 47 48 58 40 50 36
47x43: 30 37 31 39 34 38
37x43: 33 37 20 30 26 21
46x37: 31 35 27 29 25 32
44x47: 33 47 35 27 39 29
48x39: 24 37 37 44 28 38
41x48: 40 49 55 56 56 47
41x36: 39 37 30 50 38 34
41x42: 32 33 29 36 29 23
39x48: 28 41 42 33 36 27
49x37: 45 50 51 46 39 49
36x44: 29 32 26 32 29 19
39x49: 47 45 44 56 57 45
43x36: 30 20 30 28 29 31
43x36: 45 32 45 47 34 35
38x36: 26 26 28 19 26 19
47x50: 44 38 42 32 40 44
49x39: 51 27 37 35 26 31
47x44: 57 66 39 52 50 55
38x49: 26 29 28 33 43 32
38x39: 31 24 30 27 23 21
44x38: 36 38 53 38 49 43
41x46: 44 48 42 53 48 59
44x50: 35 40 37 32 40 39
47x50: 52 41 43 35 32 36
42x38: 33 30 31 24 25 25
38x48: 28 34 31 33 35 30
42x49: 29 35 45 35 45 34
45x48: 57 53 52 62 51 60
46x46: 46 38 33 33 42 33
39x45: 43 31 28 39 19 34
46x41: 49 48 46 52 45 52
42x48: 45 26 39 37 33 44
37x49: 37 44 57 48 41 55
37x39: 22 17 23 32 32 29
37x46: 36 38 54 49 39 48
46x45: 41 35 35 42 39 32
50x42: 54 55 46 60 61 46
41x39: 29 29 32 24 32 23
44x40: 58 50 37 37 45 42
49x37: 23 29 37 28 35 40
37x42: 26 35 35 23 32 17
50x40: 27 30 42 34 43 31
41x38: 33 34 51 39 48 33
43x44: 35 52 60 53 43 49
49x36: 30 54 43 40 51 56
38x48: 36 28 37 33 20 37
48x46: 35 38 39 39 42 46
42x49: 35 36 31 51 35 35
42x35: 23 20 31 24 27 28
41x48: 43 47 45 55 55 62
38x40: 36 39 53 29 33 44
41x48: 32 36 39 33 34 34
38x36: 17 24 22 32 19 29
38x46: 37 51 43 42 51 45
47x38: 33 36 26 32 29 24
36x40: 20 29 27 27 18 34
37x42: 30 24 31 39 23 21
37x36: 26 23 22 24 26 22
43x37: 23 31 33 22 37 22
47x35: 18 32 25 32 32 25
43x42: 47 40 44 52 47 50
45x45: 38 35 46 29 34 43
39x43: 42 39 49 41 44 43
40x44: 31 36 34 26 28 26
35x41: 23 25 30 16 29 19
39x38: 20 31 21 30 30 23
49x50: 48 32 54 36 42 44
46x42: 57 48 47 46 52 46
43x38: 38 48 37 31 45 55
47x38: 41 28 28 29 27 26
43x47: 36 32 36 33 37 36
35x50: 31 39 21 29 29 27
39x47: 50 54 38 47 44 50
40x46: 49 40 55 46 44 50
50x41: 56 50 44 59 51 58
39x46: 35 35 28 40 26 31
45x38: 33 31 43 25 25 23
39x46: 38 46 51 45 51 45
44x40: 43 51 42 53 43 38
50x43: 37 46 30 38 29 43
39x37: 28 46 41 39 33 35
50x39: 43 27 33 38 32 34
38x45: 23 24 25 33 38 36
47x39: 26 39 32 33 23 42
43x37: 31 28 24 29 32 24
35x47: 48 55 40 30 43 33
47x50: 62 63 60 67 58 50
37x41: 49 32 33 33 47 39
43x35: 23 25 30 25 26 25
40x37: 27 27 24 26 23 28
46x49: 57 41 65 53 66 67
36x48: 41 28 23 29 30 41
40x49: 59 46 39 66 46 47
36x47: 28 27 30 34 35 26
39x37: 40 33 46 30 34 39
50x38: 56 38 42 47 62 47
41x47: 30 30 43 27 34 31
46x45: 53 51 61 49 49 56
43x36: 45 32 46 42 29 47
35x35: 15 28 14 21 22 20
49x39: 31 33 34 37 34 39
50x42: 60 55 68 48 37 55
35x37: 20 28 17 21 32 14
40x43: 47 54 38 38 38 51
44x44: 30 27 28 35 45 31
37x45: 21 29 36 29 38 26
44x43: 34 33 26 35 39 29
48x36: 32 27 29 34 27 42
46x37: 37 26 34 33 24 26
41x48: 33 39 38 34 30 34
50x35: 29 22 37 21 34 33
39x42: 36 35 22 25 33 31
38x43: 25 22 29 31 32 28
43x38: 50 44 44 38 38 35
47x36: 30 34 21 33 26 36
36x48: 30 37 39 33 24 28
41x47: 30 37 32 30 34 31
35x35: 19 29 15 23 16 19
42x38: 30 27 18 29 31 32
45x40: 47 46 50 64 31 40
36x36: 46 35 26 22 39 29
45x46: 38 45 38 34 29 40
38x47: 24 34 28 30 26 38
38x36: 28 30 29 22 25 10
39x36: 29 19 18 33 28 29
45x48: 39 44 34 42 37 43
40x38: 16 26 31 31 28 24
39x42: 24 28 35 32 31 32
43x50: 54 47 57 57 60 57
38x41: 45 33 47 45 38 30
41x35: 25 22 27 26 23 20
46x39: 31 40 31 38 32 23
49x43: 37 34 42 35 33 43
39x50: 32 38 32 38 30 38
39x35: 40 31 40 36 34 27
40x45: 32 44 53 53 51 45
36x37: 22 29 31 17 27 18
49x49: 47 70 65 79 47 65
39x35: 34 34 40 40 36 24
48x42: 36 38 38 44 31 37
40x48: 49 44 42 50 59 53
35x45: 30 27 30 28 27 23
47x39: 38 29 28 38 37 24
49x37: 41 20 30 31 34 36
44x38: 30 25 30 27 28 28
50x39: 48 47 63 34 53 54
49x44: 47 61 51 60 60 53
49x42: 52 54 50 47 56 59
36x37: 32 34 37 29 34 40
37x48: 45 41 41 49 45 56
43x44: 45 38 51 55 56 47
47x43: 35 31 32 33 35 43
35x46: 22 30 27 31 20 34
44x36: 32 25 27 24 28 32
39x41: 23 26 27 29 32 31
45x35: 40 50 39 40 35 38
48x40: 49 57 49 49 44 47
50x36: 48 51 49 49 33 48
38x46: 43 44 47 51 40 45
35x35: 42 26 25 42 24 31
46x44: 38 31 33 38 43 26
48x36: 40 28 34 37 24 28
38x47: 45 22 26 34 29 23
39x37: 24 26 23 30 25 28
48x43: 62 55 44 60 49 47
36x41: 49 28 41 35 34 41
43x36: 26 40 28 28 26 19
46x40: 42 46 43 57 46 52
38x38: 25 22 20 24 23 30
41x35: 19 29 19 23 29 23
37x43: 44 46 38 31 40 46
36x45: 34 48 38 50 43 36
40x48: 26 34 36 36 40 36
49x38: 30 38 39 20 26 38
40x46: 51 42 49 52 41 50
38x44: 26 27 21 33 30 30
45x45: 40 34 45 35 36 34
48x45: 60 63 55 45 61 44
35x43: 32 51 33 42 36 38
42x47: 34 43 36 27 29 40
49x36: 37 27 34 33 30 30
47x47: 57 57 53 59 57 58
50x46: 40 44 37 28 51 40
47x39: 51 48 37 53 42 54
49x42: 37 41 32 41 38 35
38x44: 24 34 19 32 29 30
37x39: 25 27 25 30 22 27
44x43: 31 32 33 30 29 40
43x49: 39 33 41 40 38 33
40x40: 42 37 39 30 46 55
42x42: 43 41 46 42 57 41
44x39: 37 31 32 24 33 25
40x49: 43 44 42 56 64 55
50x45: 36 46 37 39 38 43
47x35: 32 33 28 22 26 24
42x45: 39 33 46 27 41 23
43x42: 38 26 38 20 38 36
50x35: 33 32 34 25 27 24
39x35: 30 39 25 32 43 43
39x46: 50 56 46 48 39 34
42x47: 52 56 51 39 55 49
44x37: 21 32 30 31 25 29
42x46: 37 58 48 56 39 65
38x41: 40 44 47 37 41 27
47x50: 36 42 37 43 45 37
42x47: 43 26 35 37 35 34
47x37: 31 28 30 31 31 29
45x36: 46 40 30 44 50 39
40x47: 50 51 43 51 41 56
45x48: 60 55 57 58 47 56
40x40: 37 20 26 33 26 26
47x46: 32 37 36 38 32 49
41x39: 38 40 45 35 42 47
40x48: 34 33 35 34 42 30
35x41: 31 20 26 24 21 21
40x47: 50 42 51 54 49 43
45x43: 33 36 28 28 44 40
48x37: 41 40 56 35 55 45
47x36: 32 33 27 30 29 28
36x44: 40 30 27 24 17 29
38x46: 34 35 30 18 33 29
40x35: 19 31 36 17 18 21
35x45: 16 35 33 27 29 25
40x37: 25 23 29 25 26 28
44x37: 23 28 27 30 30 30
42x42: 25 46 22 34 31 37
35x38: 22 10 24 27 29 19
38x39: 18 22 31 29 29 27
42x49: 46 49 55 52 61 54
46x44: 49 59 42 52 55 56
45x46: 57 55 44 58 48 59
49x45: 61 32 44 42 37 24
49x50: 41 39 37 47 41 50
44x50: 38 37 30 41 37 41
39x41: 35 47 37 43 47 36
41x48: 31 31 33 38 33 42
46x47: 28 42 35 40 34 45
39x45: 37 33 23 36 41 24
50x49: 46 48 39 38 36 49
41x35: 41 40 38 31 36 33
37x43: 43 46 37 42 39 37
36x45: 51 34 49 39 37 38
37x45: 46 39 45 44 31 55
35x38: 21 19 17 27 23 24
37x40: 39 32 47 40 33 37
45x38: 49 35 34 39 53 56
49x43: 53 59 52 55 51 55
49x42: 48 58 60 53 55 39
38x47: 38 33 28 22 31 27
37x41: 37 44 44 38 33 37
37x35: 17 21 20 26 28 20
41x36: 22 23 31 19 31 30
48x37: 23 39 33 27 34 36
39x37: 29 37 41 32 44 39
41x50: 34 39 30 34 33 37
50x46: 34 41 33 47 45 40
46x42: 40 47 62 51 53 43
37x36: 28 23 26 28 19 19
41x50: 38 32 35 37 29 36
37x44: 29 28 22 29 32 27
35x43: 39 43 29 37 46 37
36x39: 36 41 32 31 43 31
48x50: 41 44 36 43 40 51
40x40: 29 34 26 29 29 21
36x48: 32 34 28 34 37 27
50x39: 27 45 31 39 28 37
46x41: 46 64 40 50 49 39
38x48: 30 30 29 39 35 28
39x38: 40 17 17 28 23 30
48x45: 39 35 45 41 43 37
36x39: 30 32 36 32 52 33
36x50: 43 47 44 52 49 42
50x46: 35 42 44 54 26 39
49x39: 31 32 41 26 43 34
44x48: 41 28 45 37 35 37
44x43: 63 37 49 38 42 66
46x45: 48 63 55 48 51 53
35x42: 35 47 35 32 41 35
37x38: 30 18 26 28 21 21
48x35: 35 45 44 37 49 50
41x42: 39 48 43 40 47 49
46x47: 43 34 35 42 26 44
40x40: 27 27 34 23 28 29
36x43: 31 31 22 26 30 27
48x44: 53 50 55 50 56 63
36x41: 20 22 34 26 24 29
36x49: 32 29 40 29 26 36
46x36: 35 26 22 26 35 35
45x44: 30 43 37 32 34 34
38x40: 40 43 46 35 34 34
49x47: 46 37 54 26 39 37
44x42: 47 49 39 48 58 42
45x39: 30 49 38 50 59 45
44x45: 52 58 60 46 45 40
44x45: 55 50 53 49 46 52
46x47: 35 42 40 34 34 39
40x47: 47 49 49 58 44 42
47x37: 34 33 24 27 24 37
39x48: 48 39 66 36 44 56
42x46: 39 30 39 32 37 32
47x45: 50 46 71 55 54 48
42x44: 45 44 46 42 56 52
47x36: 43 44 42 50 45 35
44x50: 30 37 36 42 38 41
37x38: 29 21 26 27 19 21
45x46: 39 37 41 33 37 38
40x36: 26 28 24 24 29 25
48x35: 23 28 27 35 33 29
42x48: 57 52 51 38 58 53
38x47: 36 28 25 35 28 27
38x35: 25 25 21 19 19 22
43x49: 32 35 40 48 37 32
49x38: 46 39 56 43 52 51
39x39: 32 43 47 32 39 41
45x49: 35 36 40 42 40 46
43x46: 47 52 60 55 44 46
42x36: 37 38 40 39 38 42
41x50: 59 44 50 52 52 61
42x39: 40 50 32 52 40 39
46x39: 59 44 49 42 38 43
39x48: 35 35 40 34 32 32
42x42: 26 31 31 34 29 44
50x41: 36 31 32 34 36 39
36x44: 30 36 24 27 30 21
39x39: 40 46 37 37 40 32
37x45: 39 42 50 44 38 44
46x46: 48 55 60 71 46 46
38x37: 31 26 32 50 38 44
39x44: 26 29 33 32 39 22
41x47: 29 36 33 36 33 28
40x44: 28 27 27 34 31 34
50x44: 43 40 43 34 31 33
45x37: 33 30 27 27 33 29
47x48: 39 45 28 42 51 35
39x50: 55 53 46 54 43 50
35x43: 36 22 32 26 19 19
48x35: 42 49 37 48 34 52
48x47: 42 38 42 41 44 32
46x45: 33 45 31 39 34 43
50x35: 42 48 45 42 48 44
49x35: 43 47 42 44 44 44